1	43.25757098197937	32.80131673812866	33.01525545120239	31.37688636779785	32.98289465904236	32.835612535476685	34.304462909698486	34.80159282684326	35.71141004562378	36.03669834136963
2	43.02893424034119	33.27249193191528	33.4035279750824	31.338220596313477	33.25172472000122	33.944149017333984	34.70099973678589	35.13679337501526	36.07699418067932	36.106889724731445
3	42.6734504699707	32.48763561248779	34.99443221092224	32.021416664123535	32.83401584625244	34.181469202041626	34.49584341049194	34.21599316596985	35.81305956840515	36.499218225479126
4	43.08692717552185	33.39541411399841	32.69389247894287	32.0928680896759	33.67909002304077	33.01859903335571	34.00981831550598	35.28204560279846	35.48828458786011	36.81588172912598
5	42.84119415283203	33.00979828834534	30.86487650871277	32.03774929046631	33.59137511253357	32.88922095298767	34.74049186706543	35.33414602279663	36.668641567230225	36.2696168422699
4	32.69389247894287	32.0928680896759	33.67909002304077	33.01859903335571	34.00981831550598	35.28204560279846	35.48828458786011	36.81588172912598

86











